# Created by Octave 3.2.4, Mon Aug 13 10:33:12 2012 CST <reason@For-Napkin>
# name: data
# type: matrix
# rows: 202
# columns: 1
 -10
 -9.99
 -9.98
 -9.970000000000001
 -9.960000000000001
 -9.949999999999999
 -9.94
 -9.93
 -9.92
 -9.91
 -9.9
 -9.890000000000001
 -9.880000000000001
 -9.869999999999999
 -9.859999999999999
 -9.85
 -9.84
 -9.83
 -9.82
 -9.81
 -9.800000000000001
 -9.789999999999999
 -9.779999999999999
 -9.77
 -9.76
 -9.75
 -9.74
 -9.73
 -9.720000000000001
 -9.710000000000001
 -9.699999999999999
 -9.69
 -9.68
 -9.67
 -9.66
 -9.65
 -9.640000000000001
 -9.630000000000001
 -9.619999999999999
 -9.609999999999999
 -9.6
 -9.59
 -9.58
 -9.57
 -9.56
 -9.550000000000001
 -9.539999999999999
 -9.529999999999999
 -9.52
 -9.51
 -9.5
 -9.49
 -9.48
 -9.470000000000001
 -9.460000000000001
 -9.449999999999999
 -9.44
 -9.43
 -9.42
 -9.41
 -9.4
 -9.390000000000001
 -9.380000000000001
 -9.369999999999999
 -9.359999999999999
 -9.35
 -9.34
 -9.33
 -9.32
 -9.31
 -9.300000000000001
 -9.289999999999999
 -9.279999999999999
 -9.27
 -9.26
 -9.25
 -9.24
 -9.23
 -9.220000000000001
 -9.210000000000001
 -9.199999999999999
 -9.19
 -9.18
 -9.17
 -9.16
 -9.15
 -9.140000000000001
 -9.130000000000001
 -9.119999999999999
 -9.109999999999999
 -9.1
 -9.09
 -9.08
 -9.07
 -9.06
 -9.050000000000001
 -9.039999999999999
 -9.029999999999999
 -9.02
 -9.01
 -9
 9
 9.01
 9.02
 9.029999999999999
 9.039999999999999
 9.050000000000001
 9.06
 9.07
 9.08
 9.09
 9.1
 9.109999999999999
 9.119999999999999
 9.130000000000001
 9.140000000000001
 9.15
 9.16
 9.17
 9.18
 9.19
 9.199999999999999
 9.210000000000001
 9.220000000000001
 9.23
 9.24
 9.25
 9.26
 9.27
 9.279999999999999
 9.289999999999999
 9.300000000000001
 9.31
 9.32
 9.33
 9.34
 9.35
 9.359999999999999
 9.369999999999999
 9.380000000000001
 9.390000000000001
 9.4
 9.41
 9.42
 9.43
 9.44
 9.449999999999999
 9.460000000000001
 9.470000000000001
 9.48
 9.49
 9.5
 9.51
 9.52
 9.529999999999999
 9.539999999999999
 9.550000000000001
 9.56
 9.57
 9.58
 9.59
 9.6
 9.609999999999999
 9.619999999999999
 9.630000000000001
 9.640000000000001
 9.65
 9.66
 9.67
 9.68
 9.69
 9.699999999999999
 9.710000000000001
 9.720000000000001
 9.73
 9.74
 9.75
 9.76
 9.77
 9.779999999999999
 9.789999999999999
 9.800000000000001
 9.81
 9.82
 9.83
 9.84
 9.85
 9.859999999999999
 9.869999999999999
 9.880000000000001
 9.890000000000001
 9.9
 9.91
 9.92
 9.93
 9.94
 9.949999999999999
 9.960000000000001
 9.970000000000001
 9.98
 9.99
 10
